-0.994367 0.105068 -0.0139276 0 -0.105041 -0.994464 -0.00267457 0.000680128 -0.0141315 -0.00119654 0.999899 0
-0.995098 0.0978933 -0.0140305 0.0766972 -0.0978537 -0.995195 -0.0034894 -2.43063 -0.0143047 -0.00209936 0.999895 0
-0.997845 -0.0644846 -0.0121153 -0.207374 0.064568 -0.997891 -0.00662199 -4.72721 -0.0116628 -0.00738998 0.999905 0
-0.997057 -0.0759605 -0.0103239 -0.629225 0.0759488 -0.997111 0.00152391 -6.97995 -0.0104099 0.000735336 0.999946 0
-0.99904 -0.0424284 -0.0109446 -0.918989 0.0424501 -0.999097 -0.00175119 -9.12106 -0.0108605 -0.0022141 0.999939 0
-0.999884 -0.0121273 -0.00927169 -1.13366 0.012131 -0.999926 -0.000342431 -11.1602 -0.00926686 -0.000454866 0.999957 0
-0.999802 0.0174019 -0.00970345 -1.27564 -0.0173646 -0.999842 -0.00391532 -13.218 -0.00977005 -0.00374604 0.999945 0
-0.998596 0.051492 -0.0124471 -1.3573 -0.0514891 -0.998674 -0.000555172 -15.2617 -0.0124591 8.64962e-05 0.999922 0
-0.996584 0.0818544 -0.0110122 -1.36719 -0.081907 -0.99663 0.00440811 -17.3081 -0.0106143 0.00529503 0.99993 0
-0.993923 0.109592 -0.0102976 -1.31885 -0.109691 -0.993919 0.00959729 -19.3361 -0.00918317 0.0106685 0.999901 0
-0.996226 0.086372 -0.00858139 -1.28906 -0.0864073 -0.996253 0.00383374 -21.3894 -0.0082181 0.00456077 0.999956 0
-0.996545 0.0826411 -0.00827558 -1.27421 -0.0825286 -0.996502 -0.0131282 -23.4772 -0.00933156 -0.0123999 0.99988 0
-0.99979 0.017441 -0.0108117 -1.4702 -0.0173624 -0.999823 -0.00732161 -25.5527 -0.0109374 -0.00713236 0.999915 0
-0.999796 -0.0164157 -0.0117584 -1.63785 0.0164344 -0.999864 -0.00149461 -27.603 -0.0117322 -0.00168755 0.99993 0
-0.999901 -0.00791222 -0.0116281 -1.85371 0.00803098 -0.999916 -0.0102028 -29.6681 -0.0115464 -0.0102951 0.99988 0
-0.999587 0.0263011 -0.0115653 -1.98438 -0.0262963 -0.999654 -0.000566221 -31.7182 -0.0115762 -0.000261863 0.999933 0
-0.99571 0.0919663 -0.0101927 -1.98651 -0.0919512 -0.995762 -0.00194213 -33.7708 -0.0103281 -0.000996565 0.999946 0
-0.971653 0.236031 -0.0133928 -1.70104 -0.236019 -0.971745 -0.00244534 -35.7908 -0.0135916 0.000784937 0.999907 0
-0.902986 0.429438 -0.0141239 -1.01572 -0.429414 -0.903095 -0.00482742 -37.7015 -0.0148283 0.00170589 0.999889 0
-0.75945 0.65047 -0.0111905 0.149018 -0.650529 -0.759477 0.00244714 -39.3285 -0.00690717 0.00913825 0.999934 0
-0.506141 0.86242 -0.00728687 1.88027 -0.862431 -0.506168 -0.0024574 -40.5866 -0.00580769 0.00504063 0.99997 0
-0.113479 0.993538 -0.00234888 3.97209 -0.993507 -0.113494 -0.00790341 -41.1181 -0.00811892 0.00143676 0.999966 0
0.144744 0.989468 0.00120914 6.01738 -0.989425 0.144749 -0.00926667 -40.9438 -0.0093441 0.000144945 0.999956 0
0.175097 0.984547 0.00290982 8.03716 -0.984509 0.175116 -0.00869262 -40.7752 -0.00906785 -0.0013427 0.999958 0
0.205183 0.978724 -0.000114159 10.064 -0.978715 0.205181 -0.0042168 -40.5394 -0.00410366 0.000976945 0.999991 0
0.22069 0.975344 -0.000597334 12.1051 -0.975344 0.22069 0.000213642 -40.2479 0.0003402 0.000535457 1 0
