-0.995663 0.0920459 -0.0135073 0 -0.0922153 -0.995661 0.012501 0 -0.012298 0.0136924 0.999831 0
-0.992756 0.119838 -0.00862672 0.0703125 -0.11989 -0.99277 0.0058986 -2 -0.00785747 0.00689013 0.999945 0
-0.99516 0.0979155 -0.00836551 0.078125 -0.0978787 -0.995187 -0.00470395 -4 -0.00878583 -0.00386238 0.999954 0
-0.99992 0.00594492 -0.0111594 -0.0390625 -0.00581488 -0.999915 -0.0116499 -6 -0.0112277 -0.011584 0.99987 0
-0.999455 0.0313847 -0.0102037 -0.164062 -0.0313521 -0.999503 -0.00333431 -7.5 -0.0103033 -0.00301258 0.999942 0
-0.99965 -0.0246435 -0.0096589 -0.398438 0.0247268 -0.999658 -0.00860305 -10 -0.00944358 -0.00883887 0.999916 0
-0.999937 0.00634638 -0.00926756 -0.5625 -0.00629204 -0.999963 -0.00588114 -12.5 -0.00930454 -0.00582245 0.99994 0
-0.999033 0.0424862 -0.0112835 -0.65625 -0.0424954 -0.999097 0.000573163 -14.5 -0.011249 0.00105211 0.999936 0
-0.989429 0.144576 -0.0112844 -0.554688 -0.144574 -0.989493 -0.00102435 -16.5 -0.0113139 0.000617901 0.999936 0
-0.948176 0.317743 -0.00116067 -0.09375 -0.317733 -0.948165 -0.00539125 -18.5 -0.00281354 -0.00474307 0.999985 0
-0.841906 0.53961 -0.00390944 0.875 -0.539623 -0.841897 0.00416647 -20.5 -0.00104307 0.0056174 0.999984 0
-0.653086 0.757209 -0.0106634 2.25 -0.75726 -0.653112 0.00130279 -21.5 -0.00597789 0.00892577 0.999942 0
-0.292638 0.956221 -0.00200901 4.46094 -0.956214 -0.292644 -0.00389855 -23 -0.0043158 0.000780183 0.99999 0
0.110048 0.993926 0.000594911 6.49219 -0.993907 0.11005 -0.00613611 -23 -0.00616431 8.39814e-05 0.999981 0
0.161371 0.986892 0.00195971 8.52344 -0.986866 0.161381 -0.00723078 -22.5 -0.00745226 -0.000767127 0.999972 0
0.191769 0.981439 0.00135172 10.5312 -0.981415 0.191774 -0.00687868 -22.5 -0.00701023 -7.48025e-06 0.999975 0
0.220013 0.975497 0.000230383 12.5781 -0.975484 0.220012 -0.00502846 -22 -0.00495594 0.000881595 0.999987 0
0.188788 0.982018 0.000562824 14.625 -0.982015 0.188789 -0.00234266 -22 -0.00240679 -0.000110435 0.999997 0
0.0773739 0.997002 -0.000432216 16.6797 -0.996988 0.0773705 -0.0053295 -22 -0.00528008 0.000843278 0.999986 0
0.0968871 0.99528 0.00547961 18.7344 -0.995277 0.0969176 -0.00561521 -22 -0.00611977 -0.00490969 0.999969 0
0.133309 0.991022 0.0102582 20.7891 -0.99107 0.133332 -0.00161893 -21.5 -0.00297214 -0.00995079 0.999946 0
0.241457 0.970405 0.00351799 22.8203 -0.970397 0.241472 -0.00452824 -21.5 -0.00524373 -0.00232047 0.999984 0
0.487921 0.872884 0.0024312 24.8281 -0.872888 0.487921 0.000554775 -20.5 -0.000701982 -0.00239285 0.999997 0
0.748538 0.66302 0.00974675 26.3359 -0.662972 0.748601 -0.00797436 -19.5 -0.0125836 -0.000492709 0.999921 0
0.938641 0.34424 0.0212616 27.2188 -0.344236 0.938875 -0.00397034 -17.5 -0.0213288 -0.0035923 0.999766 0
0.993472 0.112966 0.0159037 27.5547 -0.112929 0.993598 -0.00320354 -15.5 -0.0161638 0.00138664 0.999868 0
0.995159 0.097373 0.0132969 27.9609 -0.0973168 0.995242 -0.00481292 -13.5 -0.0137023 0.00349561 0.9999 0
0.997783 0.0651994 0.0133652 28.2969 -0.0651967 0.997872 -0.000636549 -11 -0.0133782 -0.000236226 0.99991 0
0.999444 0.0292065 0.0160831 28.5859 -0.0292312 0.999572 0.00129776 -9 -0.0160383 -0.00176716 0.99987 0
0.999786 0.00017476 0.0207075 28.7656 -7.71231e-05 0.999989 -0.00471575 -7 -0.0207081 0.00471315 0.999774 0
0.997939 -0.0618151 0.0172412 28.8516 0.0618412 0.998085 -0.000983232 -5 -0.0171474 0.00204742 0.999851 0
0.975633 -0.21892 0.0146341 28.5938 0.218937 0.975739 0.000513249 -2.5 -0.0143914 0.0027032 0.999893 0
0.933747 -0.357678 0.0135002 28.0391 0.357697 0.933837 0.00103386 -0.5 -0.0129768 0.00386362 0.999908 0
0.90156 -0.432483 0.0121908 27.2969 0.432435 0.901642 0.00646196 1 -0.0137864 -0.000554115 0.999905 0
0.893166 -0.449506 0.0141053 26.5312 0.449578 0.893238 -0.0022774 3 -0.0115757 0.00837553 0.999898 0
0.936994 -0.349024 0.014996 25.9375 0.349072 0.937096 -0.000639509 5.5 -0.0138294 0.00583389 0.999887 0
0.98791 -0.154825 0.00792208 25.7891 0.154833 0.987941 -0.000382089 7 -0.00776739 0.00160407 0.999969 0
0.992247 -0.123974 0.00873203 25.7422 0.123979 0.992285 3.50506e-05 9 -0.008669 0.00104781 0.999962 0
0.996325 -0.0854657 0.00560009 25.7266 0.0854908 0.996329 -0.0044111 11 -0.00520253 0.00487365 0.999975 0
0.993321 -0.115341 0.00303219 25.6797 0.11535 0.99332 -0.0031893 13 -0.00264408 0.00351777 0.99999 0
0.989191 -0.146582 0.00394585 25.5547 0.146601 0.989183 -0.0049328 15 -0.0031801 0.00545795 0.99998 0
0.991351 -0.131187 0.00353383 25.4297 0.131205 0.991341 -0.0052617 17.5 -0.00281297 0.00567985 0.99998 0
0.989496 -0.144549 0.00207341 25.3203 0.14456 0.989472 -0.00686809 19.5 -0.00105881 0.00709567 0.999974 0
0.997492 -0.0701739 0.0092004 25.3438 0.0702367 0.997508 -0.00669078 21.5 -0.00870796 0.00732021 0.999935 0
0.994852 -0.100841 0.0100218 25.3203 0.100859 0.9949 -0.00128646 23.5 -0.00984097 0.00229062 0.999949 0
0.999427 -0.0328574 0.00809137 25.4453 0.0329103 0.999437 -0.00649143 25.5 -0.00787352 0.00675401 0.999946 0
0.997746 -0.0655702 0.0142644 25.4922 0.0656797 0.997814 -0.00734581 27.5 -0.0137515 0.00826613 0.999871 0
0.99733 0.0716517 0.0140851 25.8281 -0.0715733 0.997417 -0.00599247 29.5 -0.0144781 0.00496836 0.999883 0
0.897723 0.440437 0.0104141 26.8516 -0.440347 0.897773 -0.00987639 31.5 -0.0136994 0.00428043 0.999897 0
0.88766 0.460391 0.010026 27.9766 -0.46035 0.887716 -0.00620064 33.5 -0.0117549 0.000888603 0.999931 0
0.931673 0.363126 0.0111789 28.9375 -0.363114 0.931739 -0.00323483 34.5 -0.0115905 -0.00104542 0.999932 0
0.999627 -0.0208978 0.0175624 29.1094 0.0210675 0.999733 -0.00953308 37 -0.0173585 0.00989952 0.9998 0
0.879874 -0.474962 0.0152911 28.3438 0.475065 0.879942 -0.00383548 39 -0.0116336 0.010639 0.999876 0
0.523705 -0.851764 0.0151904 26.7031 0.851834 0.523803 0.00309717 40 -0.0105949 0.0113177 0.99988 0
