-0.994366 0.105082 -0.013934 0 -0.105055 -0.994463 -0.0026608 -0.000630749 -0.0141364 -0.00118197 0.999899 0
-0.995098 0.0978933 -0.0140305 0.0766972 -0.0978537 -0.995195 -0.0034894 -2.43076 -0.0143047 -0.00209936 0.999895 0
-0.99784 -0.0645349 -0.0122361 -0.208081 0.0646194 -0.997888 -0.00663897 -4.72772 -0.0117818 -0.00741532 0.999903 0
-0.997069 -0.0758267 -0.0101818 -0.631356 0.0758159 -0.997121 0.00144312 -6.97982 -0.0102619 0.000666945 0.999947 0
-0.999043 -0.0423966 -0.0107801 -0.920409 0.0424217 -0.999098 -0.00210791 -9.1214 -0.010681 -0.0025632 0.99994 0
-0.999884 -0.0121871 -0.00911176 -1.13004 0.0121898 -0.999926 -0.00024736 -11.16 -0.00910806 -0.000358402 0.999958 0
-0.9998 0.0174425 -0.00974417 -1.27635 -0.0174058 -0.999841 -0.00384082 -13.218 -0.00980961 -0.00367044 0.999945 0
-0.998582 0.0517227 -0.0126607 -1.35233 -0.0517178 -0.998662 -0.000711353 -15.2624 -0.0126806 -5.55599e-05 0.99992 0
-0.996582 0.0818936 -0.0108302 -1.36719 -0.0819469 -0.996626 0.00456414 -17.3083 -0.0104199 0.00543604 0.999931 0
-0.993918 0.109671 -0.0099402 -1.31814 -0.109766 -0.993912 0.00956319 -19.3364 -0.00883087 0.0105961 0.999905 0
-0.996244 0.08615 -0.00872942 -1.28906 -0.086186 -0.996272 0.00383225 -21.3894 -0.00836673 0.00457021 0.999955 0
-0.995391 0.0955749 -0.00792334 -1.25781 -0.0954685 -0.995349 -0.0128706 -23.328 -0.00911659 -0.0120548 0.999886 0
-0.999832 0.0151621 -0.0102702 -1.46027 -0.0150858 -0.999858 -0.0074702 -25.4048 -0.010382 -0.00731401 0.999919 0
-0.999926 -0.00479677 -0.0112045 -1.61382 0.00481229 -0.999988 -0.00135901 -27.4581 -0.0111978 -0.00141283 0.999936 0
-0.999897 -0.0097471 -0.0105963 -1.84235 0.00985579 -0.999899 -0.0102545 -29.522 -0.0104953 -0.0103579 0.999891 0
-0.999646 0.0240597 -0.0113659 -1.97376 -0.0240516 -0.999711 -0.000847696 -31.5726 -0.011383 -0.000574028 0.999935 0
-0.996425 0.0839946 -0.00910498 -1.98935 -0.0839644 -0.996462 -0.00364517 -33.6262 -0.00937894 -0.00286764 0.999952 0
-0.974263 0.225034 -0.0130876 -1.73142 -0.225046 -0.974348 -0.00060742 -35.6481 -0.0128886 0.00235353 0.999914 0
-0.910113 0.414204 -0.0113431 -1.08182 -0.414198 -0.910182 -0.00301175 -37.5718 -0.0115718 0.00195727 0.999931 0
-0.773 0.634336 -0.0093844 0.0515861 -0.634383 -0.773013 0.0030125 -39.2244 -0.00534333 0.00828197 0.999951 0
-0.545773 0.837892 -0.00828473 1.61882 -0.837924 -0.545786 0.000770123 -40.4468 -0.00387641 0.00736229 0.999965 0
-0.175256 0.984518 -0.00315401 3.67589 -0.984497 -0.175274 -0.00669074 -41.1066 -0.00713997 0.00193252 0.999973 0
0.142133 0.989845 0.00213285 5.72338 -0.989815 0.142146 -0.00775315 -40.9622 -0.0079776 -0.00100915 0.999968 0
0.170799 0.985303 0.00248323 7.74886 -0.985275 0.170813 -0.00749938 -40.8032 -0.00781333 -0.00116578 0.999969 0
0.200525 0.979689 -0.000280782 9.76648 -0.979677 0.200521 -0.00482842 -40.5784 -0.00467405 0.00124329 0.999988 0
0.223111 0.974793 -0.000631432 11.8096 -0.974792 0.22311 -0.00137469 -40.2892 -0.00119916 0.000922224 0.999999 0
0.148045 0.988981 0.000565278 13.8578 -0.98898 0.148046 -0.00102568 -40.1248 -0.00109807 -0.000407201 0.999999 0
0.075518 0.997142 0.00208057 15.9147 -0.99714 0.0755237 -0.00279574 -40.1807 -0.00294489 -0.0018635 0.999994 0
0.106843 0.99426 0.00559044 17.9774 -0.994259 0.106873 -0.00527349 -40.1457 -0.00584069 -0.0049949 0.99997 0
0.147927 0.988975 0.00685447 20.0251 -0.98898 0.147964 -0.00513516 -40.0252 -0.00609276 -0.0060193 0.999963 0
0.317604 0.948222 0.00154244 22.162 -0.948189 0.317605 -0.0080438 -39.5623 -0.0081172 0.00109222 0.999966 0
0.552662 0.833331 0.0111169 23.9764 -0.833391 0.552681 0.00157477 -38.5754 -0.00483178 -0.010135 0.999937 0
0.838482 0.544802 0.0117989 25.3652 -0.544719 0.838563 -0.00963813 -36.9246 -0.015145 0.00165429 0.999884 0
0.975529 0.219138 0.0179098 26.0056 -0.219102 0.975694 -0.00400585 -35.0102 -0.0183523 -1.6241e-05 0.999832 0
0.993399 0.114054 0.0122546 26.3455 -0.11406 0.993474 -0.000155093 -33.0095 -0.0121923 -0.0012437 0.999925 0
0.996207 0.0862853 0.0112413 26.7253 -0.0862235 0.996258 -0.00587229 -30.8708 -0.0117059 0.00488075 0.99992 0
0.998307 0.056634 0.0132577 27.0236 -0.0566275 0.998395 -0.000864153 -28.8392 -0.0132854 0.000111938 0.999912 0
0.999544 0.0240494 0.0182585 27.2615 -0.0240468 0.999711 -0.000360086 -26.7943 -0.0182619 -7.91384e-05 0.999833 0
0.999799 -0.00439966 0.0195702 27.4355 0.00449437 0.999978 -0.0047978 -24.7519 -0.0195486 0.00488479 0.999797 0
0.996493 -0.0819625 0.0168583 27.4836 0.0820154 0.996628 -0.00247202 -22.7043 -0.0165989 0.00384599 0.999855 0
0.9702 -0.241934 0.0134221 27.1787 0.24193 0.970292 0.00197509 -20.6762 -0.0135012 0.00133097 0.999908 0
0.927789 -0.37287 0.0132156 26.5793 0.372878 0.927878 0.00197906 -18.7163 -0.0130004 0.00309167 0.999911 0
0.899288 -0.437182 0.0123888 25.8344 0.437162 0.899372 0.00441711 -16.8015 -0.0130732 0.00144367 0.999914 0
0.89519 -0.445448 0.0144989 25.0702 0.44552 0.89527 -0.00196261 -14.9125 -0.0121062 0.00821645 0.999893 0
0.94667 -0.322031 0.0105299 24.5453 0.322004 0.946729 0.00427316 -12.9358 -0.011345 -0.000654612 0.999935 0
0.990355 -0.13832 0.00805228 24.4375 0.138317 0.990387 0.000973853 -10.8795 -0.00810958 0.000149308 0.999967 0
0.991703 -0.128209 0.00937467 24.375 0.128214 0.991746 0.000109117 -8.83262 -0.00931129 0.00109375 0.999956 0
0.996031 -0.0887479 0.00671696 24.375 0.0887948 0.996025 -0.00704025 -6.80916 -0.00606545 0.00760874 0.999953 0
0.992797 -0.119777 0.00264194 24.3125 0.11978 0.9928 -0.00111214 -4.76695 -0.00248971 0.00142058 0.999996 0
0.988435 -0.151572 0.00467014 24.1831 0.151583 0.988442 -0.00210866 -2.72111 -0.00429655 0.00279219 0.999987 0
0.992413 -0.122865 0.00451439 24.0781 0.122887 0.992407 -0.00516671 -0.689546 -0.00384531 0.00568227 0.999976 0
0.988863 -0.148744 0.00492431 23.9494 0.148772 0.988855 -0.00578817 1.34282 -0.00400847 0.00645631 0.999971 0
0.997209 -0.0738985 0.0106685 23.9922 0.0739708 0.997239 -0.00655728 3.39765 -0.0101545 0.00732814 0.999922 0
0.995003 -0.0994867 0.00849551 23.9624 0.0995245 0.995026 -0.00414749 5.45568 -0.00804064 0.00497228 0.999955 0
0.999189 -0.0380175 0.0132415 24.1016 0.0380857 0.999262 -0.00494177 7.48948 -0.0130439 0.00544208 0.9999 0
0.998142 -0.0582815 0.0177649 24.1605 0.0584321 0.998259 -0.00808143 9.52497 -0.017263 0.00910445 0.99981 0
0.994203 0.106346 0.0158323 24.562 -0.106219 0.994305 -0.00866969 11.5368 -0.0166641 0.00693774 0.999837 0
0.884511 0.466412 0.0100203 25.6799 -0.466334 0.884561 -0.00920518 13.2546 -0.0131569 0.0034693 0.999907 0
0.889827 0.456171 0.0108109 26.7736 -0.456116 0.889891 -0.00723603 14.9669 -0.0129214 0.00150778 0.999915 0
0.942879 0.332974 0.0104149 27.6356 -0.332986 0.942932 -0.000593288 16.6893 -0.0100181 -0.00290862 0.999946 0
0.996893 -0.0776624 0.013114 27.7067 0.0778098 0.996906 -0.0111323 18.8582 -0.0122088 0.0121181 0.999852 0
0.845037 -0.534446 0.0167502 26.8151 0.534551 0.845133 -0.00224933 20.7519 -0.012954 0.0108546 0.999857 0
0.464247 -0.885626 0.0118717 25.0818 0.885654 0.464323 0.004598 21.9233 -0.0095844 0.00837958 0.999919 0
0.0333544 -0.999428 0.00563811 22.9605 0.999359 0.0334246 0.0128394 22.199 -0.0130205 0.00520624 0.999902 0
-0.0441734 -0.999022 -0.0018613 20.9072 0.998971 -0.0441902 0.0102509 22.2517 -0.0103231 -0.00140657 0.999946 0
-0.071677 -0.99742 -0.00409192 18.8505 0.997412 -0.0716987 0.00542899 22.2789 -0.00570837 -0.0036922 0.999977 0
-0.104417 -0.994533 -0.00129596 16.7938 0.994487 -0.104424 0.00960419 22.2466 -0.00968701 -0.000285974 0.999953 0
-0.13389 -0.990995 -0.00148261 14.7485 0.990939 -0.133898 0.0105666 22.1511 -0.01067 -5.44144e-05 0.999943 0
-0.160824 -0.986977 -0.00346907 12.6897 0.986958 -0.160844 0.00659424 21.9959 -0.00706635 -0.00236331 0.999972 0
-0.142685 -0.989765 -0.00254976 10.655 0.989731 -0.142701 0.00834496 21.8552 -0.00862341 -0.00133288 0.999962 0
-0.162345 -0.986691 -0.00918953 8.60333 0.986661 -0.162439 0.010696 21.6967 -0.0120464 -0.00733052 0.999901 0
-0.125214 -0.992127 0.00230712 6.40808 0.991841 -0.125121 0.0244059 21.6527 -0.0239251 0.00534424 0.999699 0
-0.154814 -0.987929 -0.00543242 4.3749 0.987778 -0.154886 0.017482 21.508 -0.0181124 -0.00265958 0.999832 0
-0.130304 -0.991346 -0.0159584 2.30044 0.991375 -0.130502 0.0120398 21.4393 -0.0140183 -0.0142519 0.9998 0
-0.335807 -0.941838 -0.0131956 0.291995 0.941797 -0.335963 0.0121818 20.9897 -0.0159065 -0.00833684 0.999839 0
-0.653035 -0.757099 -0.0186184 -1.39468 0.757055 -0.653262 0.0108099 19.8091 -0.0203469 -0.00703592 0.999768 0
-0.916632 -0.399563 -0.0116763 -2.54234 0.399077 -0.916409 0.0305264 17.867 -0.0228975 0.0233217 0.999466 0
-0.989866 -0.141047 -0.0164547 -2.95397 0.140952 -0.989993 0.00677559 16.0124 -0.0172457 0.00438761 0.999842 0
-0.996664 0.0794087 -0.0188555 -2.96436 -0.0795388 -0.996812 0.00625376 13.9651 -0.0182988 0.00773264 0.999803 0
-0.994167 0.106359 -0.0178633 -2.88281 -0.106483 -0.994295 0.00617671 11.9754 -0.0171045 0.00804283 0.999821 0
-0.996814 0.0788835 -0.0118413 -2.88281 -0.078906 -0.996881 0.00144002 9.95971 -0.0116908 0.00236978 0.999929 0
-0.999911 0.00532551 -0.0122455 -3.05757 -0.00544424 -0.999938 0.00968349 7.80718 -0.0121932 0.00974929 0.999878 0
-0.998961 -0.0441933 -0.0111575 -3.30768 0.044236 -0.999015 -0.00360921 5.79022 -0.010987 -0.00409902 0.999931 0
-0.997399 -0.0714103 -0.00974403 -3.64288 0.0714301 -0.997444 -0.00170298 3.81436 -0.00959751 -0.00239457 0.999951 0
-0.999852 0.0117914 -0.0125208 -3.80897 -0.01168 -0.999892 -0.0089366 1.79845 -0.0126248 -0.00878903 0.999882 0
-0.996896 0.0773277 -0.0148063 -3.8125 -0.0773569 -0.997002 0.00141541 -0.324302 -0.0146525 0.00255639 0.999889 0
-0.994135 0.107199 -0.0142448 -3.75852 -0.107163 -0.994236 -0.00327066 -2.3369 -0.0145133 -0.00172496 0.999893 0
-0.990429 0.13738 -0.0133461 -3.66973 -0.137326 -0.990514 -0.00492963 -4.3897 -0.0138968 -0.00304968 0.999899 0
-0.985684 0.168032 -0.013863 -3.51776 -0.168007 -0.985782 -0.00292097 -6.43096 -0.0141567 -0.000550066 0.9999 0
-0.983134 0.182372 -0.0137277 -3.31891 -0.182344 -0.98323 -0.00322022 -8.46375 -0.0140848 -0.000662735 0.999901 0
-0.990561 0.136336 -0.0142027 -3.21094 -0.136304 -0.990662 -0.00320495 -10.5164 -0.014507 -0.00123881 0.999894 0
-0.985447 0.169323 -0.0149823 -3.08211 -0.169221 -0.985547 -0.00787565 -12.7038 -0.0160993 -0.00522572 0.999857 0
-0.955621 0.294284 -0.0136349 -2.62893 -0.294279 -0.955717 -0.00242189 -14.6792 -0.0137438 0.00169804 0.999904 0
-0.961807 0.273707 -0.00350099 -2.19295 -0.27369 -0.961807 -0.00467643 -16.6853 -0.00464725 -0.00353964 0.999983 0
-0.988148 0.153452 -0.0038522 -2.03125 -0.153498 -0.987966 0.0190315 -18.8299 -0.000885405 0.0193973 0.999811 0
-0.996938 0.0774505 -0.0108082 -2.07178 -0.0775104 -0.996978 0.00523785 -20.8535 -0.0103699 0.00605956 0.999928 0
-0.999595 0.0259386 -0.0117417 -2.20178 -0.0258168 -0.999613 -0.0104093 -22.9049 -0.0120072 -0.010102 0.999877 0
-0.998378 0.0559186 -0.0107133 -2.26562 -0.0558069 -0.998387 -0.0104554 -24.9629 -0.0112807 -0.0098406 0.999888 0
-0.996201 0.08644 -0.0105649 -2.26562 -0.0864372 -0.996257 -0.000719212 -26.985 -0.0105875 0.000196721 0.999944 0
-0.99303 0.117411 -0.0102736 -2.20239 -0.117297 -0.993036 -0.0110172 -29.0533 -0.0114956 -0.00973536 0.999887 0
-0.99359 0.112732 -0.00838034 -2.12641 -0.112725 -0.993625 -0.00130559 -31.1119 -0.0084741 -0.000352553 0.999964 0
-0.998326 0.0571979 -0.00860486 -2.17615 -0.0571457 -0.998347 -0.00620281 -33.1591 -0.00894542 -0.0057007 0.999944 0
-0.999812 -0.0169596 -0.00944653 -2.38139 0.0169317 -0.999852 0.0030262 -35.1912 -0.00949645 0.00286569 0.999951 0
-0.9729 -0.230903 -0.0122622 -2.94812 0.230814 -0.972963 0.00825419 -37.1376 -0.0138366 0.00520019 0.999891 0
-0.83035 -0.557146 -0.010353 -4.22067 0.55705 -0.830409 0.0108268 -38.7442 -0.0146293 0.00322289 0.999888 0
-0.583743 -0.811938 0.00110099 -5.94467 0.81185 -0.583659 0.0155398 -39.7948 -0.0119747 0.00996507 0.999879 0
-0.308656 -0.951169 0.00293632 -7.93269 0.951078 -0.308579 0.0151834 -40.2599 -0.0135359 0.0074791 0.99988 0
-0.0946378 -0.995464 0.00978018 -10.1114 0.995305 -0.0944136 0.0212878 -40.2469 -0.0202678 0.0117489 0.999726 0
