-0.994367 0.105077 -0.0139388 0 -0.10505 -0.994463 -0.00266433 0 -0.0141416 -0.00118505 0.999899 0
-0.994307 0.105541 -0.0147011 0.116158 -0.105586 -0.994408 0.00230318 -2.08847 -0.0143758 0.00384229 0.999889 0
-0.998567 -0.0515194 -0.0144867 -0.0685701 0.0514267 -0.998654 0.0067028 -4.13656 -0.0148126 0.00594819 0.999873 0
-0.997555 -0.0686658 -0.0129665 -0.464971 0.0685116 -0.997578 0.011983 -6.23746 -0.0137579 0.0110654 0.999844 0
-0.999343 -0.0341884 -0.0120187 -0.739979 0.0339849 -0.999282 0.0167463 -8.32481 -0.0125826 0.0163269 0.999788 0
-0.999922 -0.00399331 -0.0118189 -0.908195 0.00373398 -0.999754 0.0218834 -10.3405 -0.0119034 0.0218376 0.999691 0
-0.999619 0.024944 -0.0117906 -1.05865 -0.0252472 -0.999335 0.0263101 -12.3846 -0.0111265 0.0265977 0.999584 0
-0.998138 0.0598183 -0.0119232 -1.12344 -0.0601562 -0.997728 0.0303487 -14.4177 -0.0100807 0.0310095 0.999468 0
-0.995937 0.0892314 -0.0121744 -1.11308 -0.089596 -0.995408 0.0337046 -16.498 -0.00911102 0.0346584 0.999358 0
-0.993114 0.116584 -0.0115432 -1.06518 -0.116939 -0.992433 0.0374489 -18.5127 -0.00708995 0.0385409 0.999232 0
-0.995397 0.0950952 -0.0119196 -1.01778 -0.0954979 -0.994639 0.0396785 -20.5736 -0.00808248 0.0406342 0.999141 0
-0.994302 0.105905 -0.0121361 -0.965621 -0.106294 -0.99361 0.0379587 -22.6224 -0.00803854 0.0390324 0.999206 0
-0.999689 0.0219041 -0.0118998 -1.14702 -0.0223578 -0.998972 0.0394326 -24.6474 -0.0110238 0.0396864 0.999151 0
-0.999915 0.00605219 -0.0115907 -1.2552 -0.00652486 -0.99913 0.0411863 -26.7159 -0.0113313 0.0412584 0.999084 0
-0.999921 -0.00241393 -0.0123786 -1.49826 0.00194084 -0.999273 0.0380891 -28.7213 -0.0124615 0.0380621 0.999198 0
-0.999475 0.0301992 -0.0117562 -1.59646 -0.0306776 -0.998608 0.0429001 -30.7511 -0.0104442 0.0432382 0.99901 0
-0.995864 0.0900962 -0.0117166 -1.59514 -0.0905166 -0.99499 0.0424586 -32.8074 -0.00783251 0.0433435 0.99903 0
-0.973243 0.229414 -0.0129713 -1.32703 -0.229769 -0.972214 0.0447892 -34.7961 -0.00233561 0.0465711 0.998912 0
-0.907983 0.41884 -0.0118692 -0.685061 -0.418935 -0.906931 0.04438 -36.7227 0.00782362 0.0452687 0.998944 0
-0.770414 0.637418 -0.0127025 0.471907 -0.637177 -0.769142 0.049255 -38.3535 0.021626 0.0460405 0.998705 0
-0.541896 0.840333 -0.0137844 2.03834 -0.839811 -0.540776 0.0477369 -39.6077 0.0326606 0.0374447 0.998765 0
-0.169887 0.98537 -0.0135999 4.07085 -0.984642 -0.169166 0.0431583 -40.2442 0.0402262 0.0207231 0.998976 0
0.151926 0.988311 -0.0126854 6.16643 -0.987524 0.152318 0.0399482 -40.0658 0.0414135 0.00645801 0.999121 0
0.182408 0.983131 -0.0134629 8.16333 -0.982351 0.182806 0.0396051 -39.8763 0.0413981 0.006001 0.999125 0
0.211553 0.977246 -0.0153158 10.173 -0.976402 0.212015 0.0410923 -39.6063 0.0434045 0.00626118 0.999038 0
0.234076 0.972081 -0.0163641 12.1997 -0.971183 0.23457 0.0421862 -39.2944 0.0448469 0.00601776 0.998976 0
0.160686 0.986844 -0.0178408 14.2734 -0.986002 0.161312 0.0421853 -39.0963 0.0445083 0.0108124 0.99895 0
0.0855365 0.996172 -0.0180001 16.3035 -0.99538 0.0862315 0.042228 -39.1334 0.0436185 0.0143049 0.998946 0
0.116226 0.993051 -0.0184588 18.3244 -0.992357 0.11688 0.0395887 -39.084 0.0414711 0.0137165 0.999046 0
0.157718 0.98733 -0.0174572 20.3823 -0.986709 0.15827 0.0368339 -38.9375 0.0391302 0.0114158 0.999169 0
0.325654 0.945263 -0.0206704 22.4678 -0.944618 0.326214 0.0357902 -38.4906 0.0405742 0.00787037 0.999146 0
0.559733 0.828425 -0.0202548 24.3343 -0.827676 0.560091 0.0353628 -37.4613 0.04064 -0.00302938 0.999169 0
0.843913 0.536044 -0.0216298 25.7103 -0.535356 0.844068 0.0307181 -35.8266 0.0347233 -0.0143437 0.999294 0
0.977774 0.2085 -0.0220459 26.3616 -0.207868 0.977759 0.0278893 -33.8625 0.0273705 -0.0226868 0.999368 0
0.994568 0.101637 -0.0224648 26.6757 -0.101005 0.994501 0.0276653 -31.791 0.025153 -0.025246 0.999365 0
0.997003 0.0737621 -0.0233235 27.0048 -0.0731983 0.997025 0.0241664 -29.6842 0.0250367 -0.0223868 0.999436 0
0.998717 0.0451383 -0.0229398 27.2751 -0.0445883 0.998719 0.0239435 -27.6471 0.0239912 -0.0228899 0.99945 0
0.999661 0.0124642 -0.0228742 27.5135 -0.0119709 0.999696 0.0215774 -25.6189 0.0231362 -0.0212962 0.999505 0
0.999613 -0.0145117 -0.023734 27.6938 0.0149423 0.999725 0.0180671 -23.5893 0.0234653 -0.0184147 0.999555 0
0.99548 -0.0922371 -0.0226267 27.6548 0.0926276 0.995558 0.0168587 -21.5388 0.0209712 -0.0188784 0.999602 0
0.967422 -0.252139 -0.0228214 27.3031 0.252509 0.967477 0.0150775 -19.5076 0.0182776 -0.0203489 0.999626 0
0.923229 -0.3836 -0.0223609 26.7024 0.383924 0.92328 0.0124947 -17.5401 0.0158524 -0.0201203 0.999672 0
0.893786 -0.447966 -0.0217539 25.9577 0.448256 0.893841 0.0107615 -15.6017 0.0146237 -0.0193698 0.999705 0
0.889884 -0.455697 -0.0211283 25.1922 0.455926 0.889987 0.00742984 -13.7338 0.0154182 -0.0162446 0.999749 0
0.942804 -0.332689 -0.0209279 24.6602 0.332871 0.942954 0.00582714 -11.6797 0.0177955 -0.0124602 0.999764 0
0.98849 -0.149795 -0.0211904 24.4833 0.149899 0.988696 0.00338845 -9.6825 0.0204433 -0.00652586 0.99977 0
0.990156 -0.138271 -0.021738 24.4139 0.138299 0.99039 -0.000177008 -7.65933 0.0215536 -0.00283109 0.999764 0
0.99489 -0.0984213 -0.022533 24.3713 0.098385 0.995145 -0.00271426 -5.64184 0.0226907 0.000483481 0.999742 0
0.991135 -0.130853 -0.0229983 24.2809 0.130785 0.991401 -0.00442815 -3.5522 0.02338 0.00138105 0.999726 0
0.98667 -0.160977 -0.023835 24.1305 0.160845 0.986952 -0.00734584 -1.50339 0.0247065 0.00341419 0.999689 0
0.991012 -0.131518 -0.0244605 23.9781 0.131317 0.991294 -0.00963135 0.514094 0.0255143 0.00633268 0.999654 0
0.986994 -0.158666 -0.0258643 23.865 0.158396 0.987301 -0.0121748 2.57342 0.0274676 0.0079196 0.999591 0
0.996206 -0.0832759 -0.0252668 23.9079 0.0829034 0.996438 -0.0154532 4.62104 0.0264637 0.0132999 0.999561 0
0.993607 -0.10982 -0.0261518 23.8829 0.109422 0.993863 -0.0162314 6.68899 0.0277738 0.0132661 0.999526 0
0.998572 -0.0462046 -0.0268244 24.0279 0.0457607 0.998809 -0.0169338 8.69851 0.0275749 0.0156821 0.999497 0
0.997242 -0.0701356 -0.0242808 24.0702 0.0696325 0.997352 -0.0209827 10.7297 0.0256882 0.0192341 0.999485 0
0.995335 0.0930623 -0.0254531 24.4364 -0.0936144 0.995378 -0.0214325 12.7467 0.0233409 0.0237153 0.999446 0
0.88863 0.457719 -0.0288006 25.5244 -0.458362 0.888493 -0.0220073 14.4618 0.015516 0.0327575 0.999343 0
0.893233 0.448495 -0.0314209 26.6282 -0.449253 0.893094 -0.023541 16.1916 0.0175039 0.0351435 0.999229 0
0.944762 0.326156 -0.0323745 27.4913 -0.326965 0.944735 -0.0238886 18.0235 0.0227939 0.0331544 0.99919 0
0.99567 -0.0873798 -0.0317071 27.527 0.0865366 0.995881 -0.0270613 20.0833 0.0339411 0.0242003 0.999131 0
0.838755 -0.543718 -0.0293375 26.6239 0.543066 0.839237 -0.0275707 21.9623 0.0396118 0.0071929 0.999189 0
0.451926 -0.891617 -0.0279635 24.8308 0.891301 0.452611 -0.0269379 23.1519 0.0366748 -0.01275 0.999246 0
0.0193066 -0.999461 -0.0265583 22.707 0.999476 0.0199835 -0.0254611 23.4342 0.0259781 -0.0260528 0.999323 0
-0.054723 -0.998129 -0.0272701 20.6541 0.998236 -0.0540576 -0.0245688 23.4579 0.0230487 -0.0285665 0.999326 0
-0.0849472 -0.995951 -0.0294269 18.5788 0.99612 -0.0842062 -0.0255666 23.4512 0.0229851 -0.0314846 0.99924 0
-0.114729 -0.993018 -0.0274497 16.565 0.993153 -0.114044 -0.0253194 23.3948 0.0220121 -0.0301666 0.999303 0
-0.144323 -0.989137 -0.0279191 14.5363 0.989307 -0.143633 -0.0253323 23.2908 0.021047 -0.0312766 0.999289 0
-0.171535 -0.984801 -0.0272498 12.4584 0.984962 -0.170853 -0.0256564 23.1085 0.0206107 -0.031241 0.999299 0
-0.154007 -0.987721 -0.0262681 10.4277 0.987847 -0.153352 -0.0253407 22.9405 0.0210012 -0.0298514 0.999334 0
-0.173524 -0.984425 -0.0282395 8.36364 0.984641 -0.172857 -0.0245593 22.7568 0.0192954 -0.0320673 0.999299 0
-0.135299 -0.990502 -0.0244813 6.22453 0.990573 -0.134692 -0.0249676 22.7207 0.021433 -0.0276286 0.999388 0
-0.162586 -0.986345 -0.0262544 4.17518 0.98651 -0.161984 -0.023644 22.5755 0.0190683 -0.0297444 0.999376 0
-0.139307 -0.989678 -0.0336407 2.06174 0.990076 -0.138568 -0.0234 22.4539 0.0184969 -0.0365667 0.99916 0
-0.342879 -0.938846 -0.031659 0.115867 0.939312 -0.342255 -0.0235433 21.9829 0.0112681 -0.0378101 0.999221 0
-0.658644 -0.75179 -0.0316258 -1.57961 0.752443 -0.658283 -0.022189 20.7844 -0.00413732 -0.0384113 0.999253 0
-0.915682 -0.401149 -0.0246097 -2.73906 0.401613 -0.91563 -0.0181139 18.986 -0.015267 -0.0264701 0.999533 0
-0.989979 -0.138622 -0.0269483 -3.1544 0.139129 -0.990112 -0.0179314 16.9992 -0.0241961 -0.021501 0.999476 0
-0.996215 0.0828352 -0.0263346 -3.17275 -0.0824619 -0.996482 -0.0149608 14.9834 -0.0274812 -0.0127326 0.999541 0
-0.993223 0.113491 -0.0250877 -3.07703 -0.113211 -0.993495 -0.0123173 12.9447 -0.0263224 -0.00939367 0.999609 0
-0.996097 0.0853138 -0.0226265 -3.04121 -0.0850978 -0.996319 -0.0103477 10.9237 -0.023426 -0.00838187 0.99969 0
-0.999681 0.0109767 -0.0227439 -3.19344 -0.0108156 -0.999916 -0.00719289 8.80918 -0.0228209 -0.00694461 0.999715 0
-0.999086 -0.0372578 -0.0209491 -3.45577 0.0374249 -0.99927 -0.00764398 6.73982 -0.020649 -0.00842101 0.999751 0
-0.997602 -0.0666905 -0.0184904 -3.76693 0.0667923 -0.997755 -0.0049424 4.76469 -0.0181192 -0.00616557 0.999817 0
-0.999767 0.0137975 -0.0166282 -3.94487 -0.0137285 -0.999897 -0.00425418 2.68811 -0.0166851 -0.0040249 0.999853 0
-0.99664 0.079996 -0.0175684 -3.93871 -0.0800014 -0.996795 -0.000393793 0.614474 -0.0175436 0.00101303 0.999846 0
-0.993754 0.110345 -0.0166752 -3.91432 -0.110331 -0.993894 -0.00176052 -1.44495 -0.0167677 9.02596e-05 0.999859 0
-0.989946 0.140691 -0.0146126 -3.77857 -0.140675 -0.990054 -0.00217505 -3.50411 -0.0147733 -9.75565e-05 0.999891 0
-0.984961 0.172143 -0.0147712 -3.60537 -0.17214 -0.985071 -0.00147829 -5.52137 -0.0148051 0.00108666 0.99989 0
-0.982273 0.1869 -0.014463 -3.39144 -0.18692 -0.982375 2.22966e-05 -7.54206 -0.014204 0.00272534 0.999895 0
-0.989942 0.140754 -0.014249 -3.26633 -0.140783 -0.99004 0.00105614 -9.61013 -0.0139584 0.00305154 0.999898 0
-0.985601 0.168507 -0.0140301 -3.1411 -0.168524 -0.985698 2.79934e-05 -11.7408 -0.0138247 0.00239199 0.999902 0
-0.954654 0.297389 -0.0139603 -2.68528 -0.297455 -0.954731 0.00291905 -13.7208 -0.0124602 0.00693924 0.999898 0
-0.960385 0.278385 -0.0127259 -2.21358 -0.278429 -0.960455 0.00177678 -15.7383 -0.011728 0.00524964 0.999917 0
-0.987183 0.159152 -0.0118781 -2.04118 -0.159359 -0.987034 0.0192136 -17.8656 -0.00866618 0.0208603 0.999745 0
-0.996517 0.0821905 -0.0141196 -2.09216 -0.0823335 -0.996556 0.00986586 -19.8752 -0.0132601 0.010994 0.999852 0
-0.999453 0.0303501 -0.0131312 -2.22475 -0.030309 -0.999535 -0.0033188 -21.909 -0.0132258 -0.002919 0.999908 0
-0.998147 0.0598071 -0.011285 -2.25937 -0.059758 -0.998202 -0.00464241 -23.9585 -0.0115424 -0.00395943 0.999926 0
-0.995779 0.0909684 -0.0122375 -2.26138 -0.0910268 -0.995839 0.00430071 -25.9851 -0.0117954 0.00539649 0.999916 0
-0.992596 0.121066 -0.00978918 -2.19095 -0.121018 -0.992636 -0.00536239 -28.0609 -0.0103663 -0.00413802 0.999938 0
-0.992913 0.118164 -0.0126788 -2.10677 -0.118221 -0.99298 0.00387794 -30.1356 -0.0121315 0.00534936 0.999912 0
-0.997926 0.0632284 -0.0120978 -2.15176 -0.0632765 -0.997989 0.003639 -32.1914 -0.0118434 0.00439696 0.99992 0
-0.999868 -0.0112969 -0.0116931 -2.33303 0.0112012 -0.999904 0.00821763 -34.1975 -0.0117848 0.00808557 0.999898 0
-0.975413 -0.220105 -0.0110868 -2.89705 0.21996 -0.975423 0.0129088 -36.185 -0.0136557 0.0101528 0.999855 0
-0.837237 -0.546746 -0.0101566 -4.13869 0.546577 -0.837266 0.015443 -37.7834 -0.0169471 0.00737807 0.999829 0
-0.594491 -0.804086 -0.00518469 -5.85391 0.803945 -0.59449 0.0159525 -38.8328 -0.0159094 0.0053154 0.999859 0
-0.319095 -0.947721 -0.00182663 -7.85321 0.947604 -0.319085 0.0152137 -39.2729 -0.0150011 0.00312369 0.999883 0
-0.0985328 -0.995131 0.00253359 -9.97899 0.994983 -0.0984733 0.0176466 -39.2659 -0.0173112 0.00425965 0.999841 0
