-0.994364 0.105104 -0.013896 0 -0.105077 -0.99446 -0.00267229 0 -0.0140999 -0.00119708 0.9999 0
-0.99454 0.103371 -0.0143393 0.118721 -0.103411 -0.994637 0.00210893 -2.09455 -0.0140444 0.00358026 0.999895 0
-0.998466 -0.0535497 -0.0140458 -0.0953026 0.053461 -0.998548 0.0066158 -4.18355 -0.0143797 0.00585475 0.999879 0
-0.997439 -0.0704756 -0.0122368 -0.492996 0.0703287 -0.997451 0.012047 -6.29357 -0.0130547 0.0111555 0.999853 0
-0.999275 -0.0363851 -0.0112053 -0.768825 0.0361923 -0.999201 0.0169544 -8.40787 -0.0118133 0.0165365 0.999793 0
-0.999914 -0.00683242 -0.011183 -0.947744 0.0065855 -0.999737 0.0219693 -10.4294 -0.0113302 0.0218937 0.999696 0
-0.999698 0.0220626 -0.0108576 -1.09997 -0.0223417 -0.999405 0.0262923 -12.4753 -0.0102711 0.0265269 0.999595 0
-0.998279 0.0576059 -0.01098 -1.16737 -0.0579142 -0.997865 0.0302046 -14.5087 -0.0092166 0.0307885 0.999483 0
-0.996194 0.0864459 -0.0112161 -1.16819 -0.0867782 -0.99566 0.0336179 -16.5943 -0.0082613 0.0344632 0.999372 0
-0.993361 0.114575 -0.0102924 -1.1177 -0.114883 -0.992676 0.0373574 -18.6076 -0.00593684 0.0382919 0.999249 0
-0.995672 0.0922923 -0.0109085 -1.09301 -0.092656 -0.994908 0.0396672 -20.679 -0.007192 0.0405062 0.999153 0
-0.995744 0.0917761 -0.00838427 -1.03903 -0.0918611 -0.995718 0.0103925 -22.7788 -0.00739458 0.0111185 0.999911 0
-0.999744 0.0212869 -0.00771291 -1.24795 -0.0214211 -0.999613 0.0177593 -24.7913 -0.00733188 0.0179199 0.999813 0
-0.999931 -0.00776869 -0.00879695 -1.36955 0.00756126 -0.999699 0.0233729 -26.8716 -0.00897587 0.0233047 0.999688 0
-0.999936 -0.00284984 -0.0109811 -1.59243 0.00262283 -0.999784 0.0206318 -28.8969 -0.0110375 0.0206017 0.999727 0
-0.999488 0.0301068 -0.0108032 -1.71048 -0.0303887 -0.999175 0.0269503 -30.9263 -0.00998288 0.0272648 0.999578 0
-0.995408 0.0951991 -0.0100178 -1.70942 -0.0954373 -0.995074 0.0268392 -32.9732 -0.00741343 0.0276721 0.99959 0
-0.970888 0.23926 -0.0114881 -1.40193 -0.239503 -0.970436 0.0298851 -34.9765 -0.00399812 0.0317664 0.999487 0
-0.902198 0.431183 -0.0109697 -0.722664 -0.431311 -0.901689 0.0304773 -36.8828 0.00325007 0.0322279 0.999475 0
-0.758198 0.651923 -0.011496 0.44715 -0.651883 -0.757549 0.0341955 -38.5097 0.013584 0.033421 0.999349 0
-0.504626 0.863261 -0.0115295 2.16802 -0.863056 -0.504074 0.0323208 -39.7791 0.0220896 0.0262605 0.999411 0
-0.110459 0.993814 -0.0115365 4.21929 -0.993525 -0.110101 0.0280504 -40.3195 0.0266067 0.0145602 0.99954 0
0.152148 0.988294 -0.0112181 6.32192 -0.988011 0.152385 0.0247784 -40.1121 0.0261978 0.00731361 0.99963 0
0.182626 0.983109 -0.0120153 8.32719 -0.982817 0.182878 0.0250491 -39.9141 0.0268233 0.00723419 0.999614 0
0.21212 0.977137 -0.0144574 10.3284 -0.976783 0.212451 0.0275444 -39.6398 0.0299861 0.00827905 0.999516 0
0.227504 0.973651 -0.0156673 12.3614 -0.973263 0.227877 0.028822 -39.3282 0.0316328 0.0086913 0.999462 0
