-0.995713 0.0916313 -0.0126165 0 -0.0917811 -0.995709 0.0118472 0 -0.0114768 0.0129543 0.99985 0
-0.992608 0.120656 -0.0131224 0.0756692 -0.120879 -0.992507 0.0178248 -2.08954 -0.0108734 0.0192793 0.999755 0
-0.994472 0.10408 -0.0138586 0.0903365 -0.10437 -0.994292 0.0221411 -4.09365 -0.0114751 0.0234651 0.999659 0
-0.999837 0.0104791 -0.014692 -0.0473684 -0.0108497 -0.999619 0.0253776 -6.12974 -0.0144205 0.0255329 0.99957 0
-0.999134 0.0383313 -0.016188 -0.124547 -0.0387797 -0.998845 0.0283614 -8.12653 -0.0150822 0.0289646 0.999467 0
-0.999695 -0.0182828 -0.0166102 -0.355393 0.017793 -0.999416 0.0291725 -10.2092 -0.0171338 0.0288681 0.999436 0
-0.999805 0.011505 -0.0160672 -0.528231 -0.0120334 -0.999377 0.0331895 -12.3018 -0.0156754 0.0333763 0.99932 0
-0.998704 0.0483126 -0.0160203 -0.603716 -0.0488702 -0.998139 0.0364621 -14.3129 -0.0142289 0.0371977 0.999207 0
-0.987697 0.155465 -0.0169051 -0.484081 -0.156016 -0.987002 0.0385558 -16.3311 -0.0106912 0.0407189 0.999113 0
-0.943932 0.329706 -0.0169286 0.0182017 -0.33013 -0.943061 0.0406284 -18.3498 -0.00256926 0.0439391 0.999031 0
-0.830833 0.5563 -0.0157268 1.02708 -0.556418 -0.829798 0.0428356 -20.2199 0.0107794 0.0443399 0.998958 0
-0.63589 0.771569 -0.0180377 2.45158 -0.771464 -0.634787 0.0434596 -21.6328 0.022082 0.041551 0.998892 0
-0.263281 0.964546 -0.0182872 4.64343 -0.964107 -0.262391 0.0406191 -22.6302 0.0343806 0.0283251 0.999007 0
0.126446 0.991808 -0.0181354 6.70003 -0.991186 0.127052 0.0375105 -22.5648 0.0395074 0.0132325 0.999132 0
0.169175 0.985387 -0.0198154 8.7447 -0.984885 0.169779 0.0343013 -22.3591 0.0371643 0.013713 0.999215 0
0.200616 0.979431 -0.0216199 10.7464 -0.978903 0.201283 0.035118 -22.1203 0.0387474 0.0141186 0.999149 0
0.228474 0.973265 -0.023556 12.7799 -0.972703 0.229217 0.0361578 -21.8206 0.0405905 0.0146519 0.999068 0
0.188918 0.981692 -0.0243177 14.8503 -0.981136 0.18973 0.0370732 -21.5802 0.0410082 0.0168551 0.999017 0
0.083351 0.996176 -0.0262072 16.8809 -0.99583 0.0842432 0.0350152 -21.6387 0.0370891 0.0231794 0.999043 0
0.10493 0.994134 -0.026236 18.9077 -0.993813 0.105788 0.0338262 -21.5858 0.0364032 0.0225243 0.999083 0
0.140612 0.989717 -0.0262339 20.9771 -0.989433 0.141419 0.0319824 -21.472 0.0353635 0.0214596 0.999144 0
0.258284 0.965595 -0.0302499 22.9568 -0.965309 0.259196 0.0315674 -21.1671 0.038322 0.0210471 0.999044 0
0.505808 0.861996 -0.0334893 24.979 -0.861543 0.506743 0.0309147 -20.2174 0.0436189 0.0132155 0.998961 0
0.770681 0.6363 -0.0342498 26.4342 -0.635728 0.771441 0.0269949 -18.8376 0.0435986 0.000969065 0.999049 0
0.948138 0.31599 -0.0344128 27.3121 -0.315263 0.948676 0.0249676 -16.9487 0.0405362 -0.0128237 0.999096 0
0.993644 0.106825 -0.0355068 27.6433 -0.106087 0.994112 0.0220708 -14.8971 0.0376555 -0.0181637 0.999126 0
0.995552 0.0871108 -0.0358866 27.9958 -0.0864539 0.996066 0.0194691 -12.803 0.0374414 -0.01628 0.999166 0
0.997719 0.0570287 -0.0361089 28.3171 -0.0564037 0.998244 0.0180987 -10.6198 0.0370776 -0.0160207 0.999184 0
0.999138 0.0197268 -0.0365304 28.5914 -0.0191439 0.999685 0.0162392 -8.30144 0.0368393 -0.0155258 0.999201 0
0.999293 -0.00878446 -0.0365686 28.767 0.00926055 0.999874 0.0128702 -6.2846 0.036451 -0.0131998 0.999248 0
0.996394 -0.0766642 -0.0363419 28.7864 0.0771209 0.996957 0.0113344 -4.21713 0.0353624 -0.0140963 0.999275 0
0.971012 -0.236268 -0.0362241 28.476 0.236724 0.971537 0.00880308 -2.17554 0.0331131 -0.017123 0.999305 0
0.927893 -0.371125 -0.0357984 27.8969 0.371573 0.928381 0.00652645 -0.200604 0.0308124 -0.0193575 0.999338 0
0.896698 -0.44124 -0.0352085 27.1559 0.441653 0.897174 0.0045726 1.73711 0.0295705 -0.0196502 0.99937 0
0.890583 -0.453513 -0.0344615 26.3855 0.453809 0.891099 0.000878051 3.61661 0.0303104 -0.0164209 0.999406 0
0.939524 -0.340802 -0.0338812 25.8053 0.340966 0.940075 -0.000997775 5.65707 0.0321909 -0.0106149 0.999425 0
0.987729 -0.152319 -0.034495 25.6445 0.152275 0.98833 -0.0039002 7.65462 0.0346865 -0.0014004 0.999397 0
0.990617 -0.132138 -0.0348995 25.5925 0.132016 0.991231 -0.00580682 9.66883 0.0353608 0.00114506 0.999374 0
0.99502 -0.0928152 -0.0363382 25.563 0.09253 0.995665 -0.00945704 11.7 0.0370584 0.00604757 0.999295 0
0.991632 -0.123663 -0.0370657 25.4621 0.123335 0.992304 -0.0109948 13.7564 0.0381401 0.0063313 0.999252 0
0.987353 -0.154154 -0.0370098 25.342 0.15377 0.988021 -0.0130375 15.8073 0.0385763 0.00718159 0.99923 0
0.990748 -0.13042 -0.0375402 25.2089 0.129942 0.991409 -0.0149148 17.8531 0.0391629 0.00989881 0.999184 0
0.987511 -0.152597 -0.0391871 25.099 0.152005 0.988222 -0.0176795 19.8697 0.0414234 0.011502 0.999075 0
0.996315 -0.0766829 -0.038415 25.1443 0.0759688 0.996915 -0.0197172 21.9238 0.0398085 0.0167262 0.999067 0
0.993575 -0.106287 -0.0388922 25.1203 0.10557 0.99421 -0.0200557 23.9915 0.0407986 0.015821 0.999042 0
0.998427 -0.0389294 -0.0403466 25.2589 0.0380502 0.999026 -0.0223331 26.0162 0.0411768 0.0207628 0.998936 0
0.996822 -0.0691081 -0.0396105 25.3263 0.0681712 0.997372 -0.0245355 28.0632 0.041202 0.0217572 0.998914 0
0.995991 0.0800716 -0.0398807 25.6761 -0.0811259 0.996376 -0.0255571 30.0846 0.0376898 0.02869 0.998878 0
0.892637 0.448766 -0.0425273 26.7319 -0.450038 0.892598 -0.0271006 31.8136 0.025798 0.0433299 0.998728 0
0.889861 0.454079 -0.044258 27.8544 -0.455459 0.889807 -0.028288 33.5171 0.0265361 0.0453301 0.99862 0
0.937192 0.345907 -0.0449434 28.7622 -0.347322 0.93731 -0.0285884 35.3542 0.0322369 0.0424027 0.99858 0
0.997489 -0.0548319 -0.0448223 28.878 0.0534031 0.998045 -0.032476 37.3704 0.0465154 0.0300008 0.998467 0
0.859658 -0.509034 -0.0432744 28.0613 0.507973 0.860719 -0.0335678 39.3085 0.0543342 0.0068746 0.998499 0
0.488532 -0.871606 -0.0405032 26.3441 0.871202 0.489829 -0.0327865 40.5388 0.0484166 -0.0192692 0.998641 0
