-0.992517 0.0806917 0.0916404 0.0346763 -0.0878951 -0.993111 -0.0774941 -0.23811 0.0847559 -0.084969 0.992772 0
-0.989711 0.110254 0.0911968 0.0907869 -0.11694 -0.99056 -0.0715293 -2.32427 0.0824494 -0.0814579 0.993261 0
-0.991432 0.0941868 0.0905101 0.088652 -0.100442 -0.992669 -0.0672289 -4.3264 0.0835145 -0.0757439 0.993624 0
-0.995966 0.00125411 0.0897218 -0.0655225 -0.00702331 -0.997924 -0.0640142 -6.35988 0.0894553 -0.0643862 0.993908 0
-0.995664 0.0293205 0.0882776 -0.155256 -0.0347892 -0.997527 -0.0610622 -8.35762 0.086269 -0.0638686 0.994223 0
-0.995764 -0.0269976 0.0878884 -0.403221 0.0217349 -0.997944 -0.0602954 -10.4367 0.0893355 -0.0581298 0.994304 0
-0.996072 0.00309682 0.0884942 -0.596213 -0.00810986 -0.998378 -0.056345 -12.5235 0.0881762 -0.0568413 0.994482 0
-0.995259 0.0401147 0.0886029 -0.687871 -0.0449393 -0.997575 -0.0531456 -14.5325 0.0862561 -0.0568754 0.994648 0
-0.985207 0.147176 0.0877819 -0.586187 -0.152007 -0.987056 -0.0511264 -16.5484 0.0791211 -0.0637136 0.994827 0
-0.942893 0.321309 0.0878287 -0.102716 -0.326264 -0.944 -0.0491426 -18.567 0.0671204 -0.0749916 0.994923 0
-0.831699 0.54803 0.0891064 0.886247 -0.553118 -0.831774 -0.0470346 -20.4388 0.04834 -0.088405 0.994911 0
-0.639198 0.764119 0.0868807 2.29428 -0.768785 -0.637815 -0.0464928 -21.8565 0.0198877 -0.0965108 0.995133 0
-0.26965 0.959048 0.0866908 4.4688 -0.962651 -0.266196 -0.0494185 -22.861 -0.024318 -0.0967787 0.995009 0
0.118126 0.98919 0.0868915 6.51678 -0.991016 0.122965 -0.0526056 -22.8028 -0.0627215 -0.0798968 0.994828 0
0.160442 0.983356 0.0852617 8.55669 -0.984626 0.165495 -0.0558874 -22.6063 -0.0690676 -0.0749841 0.99479 0
0.19194 0.977845 0.0835349 10.5532 -0.97888 0.196854 -0.0551482 -22.376 -0.0703706 -0.0711855 0.994978 0
0.219905 0.972097 0.0816723 12.582 -0.972933 0.224646 -0.0541879 -22.0848 -0.0710233 -0.0675455 0.995185 0
0.180508 0.980235 0.0809731 14.6491 -0.981269 0.185106 -0.0533623 -21.8548 -0.0672962 -0.0698241 0.995287 0
0.0749407 0.994044 0.0791169 16.6739 -0.995292 0.0794527 -0.0555087 -21.9232 -0.0614641 -0.0745846 0.995319 0
0.0963474 0.992198 0.079116 18.6957 -0.993266 0.10098 -0.0567986 -21.8802 -0.0643446 -0.0731108 0.995246 0
0.13177 0.988117 0.0791346 20.7614 -0.988886 0.136578 -0.0587476 -21.7773 -0.0688575 -0.0705139 0.995131 0
0.24938 0.965485 0.0751492 22.7374 -0.965396 0.253969 -0.0592523 -21.4815 -0.0762928 -0.0577723 0.99541 0
0.497308 0.864587 0.0719288 24.7619 -0.863105 0.501448 -0.059999 -20.5426 -0.0879429 -0.0322441 0.995604 0
0.763382 0.642017 0.0711462 26.2269 -0.638825 0.766683 -0.0640295 -19.173 -0.0956546 0.00342904 0.995409 0
0.943336 0.324159 0.0709731 27.122 -0.31981 0.945168 -0.0661721 -17.2937 -0.0885318 0.0397247 0.995281 0
0.990772 0.116146 0.0698611 27.4716 -0.111338 0.991372 -0.0691783 -15.2478 -0.0772932 0.0607617 0.995155 0
0.99288 0.0967643 0.0694681 27.8439 -0.0917638 0.993182 -0.0718912 -13.1604 -0.075951 0.0650047 0.99499 0
0.995353 0.0669052 0.069247 28.1853 -0.061803 0.995388 -0.0733717 -10.9836 -0.0738365 0.0687511 0.994898 0
0.997181 0.0298827 0.0688238 28.4808 -0.0246734 0.996853 -0.0753356 -8.67149 -0.0708584 0.0734251 0.99478 0
0.997631 0.00177925 0.068769 28.6753 0.00365417 0.996884 -0.0788032 -6.66018 -0.0686948 0.0788679 0.994515 0
0.995441 -0.0658476 0.0689989 28.7169 0.0713414 0.994203 -0.0804415 -4.59962 -0.0633021 0.0849973 0.994368 0
0.971864 -0.225176 0.0691104 28.4281 0.230538 0.969511 -0.0830671 -2.56205 -0.0482986 0.0966625 0.994145 0
0.930348 -0.360024 0.0695298 27.8724 0.365125 0.927031 -0.0854293 -0.591346 -0.0336996 0.104866 0.993915 0
0.900032 -0.430146 0.0701119 27.1528 0.435093 0.896128 -0.0874588 1.34511 -0.0252091 0.109221 0.993698 0
0.894174 -0.442083 0.0708252 26.4049 0.447144 0.889799 -0.0912126 3.22211 -0.0226967 0.113229 0.99331 0
0.941694 -0.32881 0.0713874 25.8517 0.334504 0.93778 -0.0931424 5.25556 -0.0363196 0.111591 0.99309 0
0.987644 -0.139841 0.0707439 25.7153 0.146286 0.984566 -0.0960718 7.24498 -0.0562174 0.105234 0.992857 0
0.990344 -0.11947 0.0703227 25.6875 0.126047 0.987171 -0.0980066 9.25064 -0.0577116 0.105924 0.992698 0
0.994431 -0.0797986 0.068847 25.6822 0.0865657 0.991045 -0.101669 11.2733 -0.0601175 0.107062 0.992433 0
0.991542 -0.110481 0.0681099 25.6082 0.117148 0.987735 -0.103227 13.3195 -0.0558698 0.110333 0.992323 0
0.987695 -0.140762 0.0681487 25.5146 0.147422 0.983454 -0.105286 15.3608 -0.0522009 0.114037 0.992104 0
0.990848 -0.116832 0.0676054 25.4061 0.123635 0.986523 -0.107174 17.399 -0.054173 0.114551 0.991939 0
0.98813 -0.138752 0.0659368 25.3229 0.145402 0.983246 -0.109934 19.4052 -0.0495786 0.118216 0.991749 0
0.995807 -0.062609 0.0666939 25.3938 0.0698225 0.991255 -0.111978 21.4491 -0.0590998 0.116166 0.99147 0
0.993538 -0.0921708 0.0662295 25.3942 0.0992101 0.988707 -0.112323 23.508 -0.0551286 0.118168 0.991462 0
0.997597 -0.0246115 0.0647645 25.5605 0.0319344 0.9929 -0.114583 25.5194 -0.0614847 0.116376 0.9913 0
0.996362 -0.0545314 0.0654901 25.657 0.0619261 0.991225 -0.116779 27.5529 -0.0585473 0.12041 0.990996 0
0.993382 0.0945322 0.0652318 26.0311 -0.0864062 0.989272 -0.11779 29.5631 -0.075667 0.111375 0.990894 0
0.884951 0.461457 0.0626008 27.1101 -0.452413 0.883792 -0.119304 31.2751 -0.11038 0.0772567 0.990882 0
0.882199 0.466923 0.0608905 28.2514 -0.457875 0.880816 -0.120476 32.9648 -0.109886 0.0784039 0.990847 0
0.931151 0.359623 0.0602362 29.1852 -0.35083 0.928617 -0.120783 34.7842 -0.0993726 0.0913345 0.99085 0
0.997399 -0.0394325 0.0603316 29.3311 0.0467242 0.991098 -0.124663 36.7859 -0.0548787 0.127158 0.990363 0
0.866601 -0.495148 0.0618954 28.5436 0.498917 0.857475 -0.125776 38.7165 0.00920385 0.139878 0.990126 0
0.501285 -0.86286 0.0646976 26.8477 0.86193 0.491371 -0.125023 39.9478 0.0760864 0.118437 0.990042 0
