-0.99333 0.100355 -0.0567776 -0.0797836 -0.0972023 -0.993698 -0.0558124 -0.723552 -0.0620209 -0.0499212 0.996826 0
-0.9935 0.0984176 -0.0571977 0.0278771 -0.0955405 -0.994116 -0.0510347 -2.81721 -0.0618839 -0.0452383 0.997058 0
-0.996667 -0.0584751 -0.0568788 -0.197161 0.0611509 -0.997045 -0.0464989 -4.90331 -0.0539917 -0.0498221 0.997298 0
-0.995618 -0.0756084 -0.0550368 -0.604431 0.0779156 -0.996114 -0.0410552 -7.00743 -0.0517188 -0.0451635 0.99764 0
-0.997668 -0.0417907 -0.0539726 -0.891624 0.0437753 -0.998388 -0.0361271 -9.11869 -0.0523759 -0.0384055 0.997889 0
-0.998467 -0.0124997 -0.0539135 -1.08156 0.0141899 -0.999416 -0.0310834 -11.138 -0.0534934 -0.0318008 0.998062 0
-0.998434 0.016169 -0.0535529 -1.24554 -0.0147528 -0.999534 -0.0267359 -13.1826 -0.0539602 -0.0259039 0.998207 0
-0.997231 0.0515016 -0.0536408 -1.32567 -0.0503394 -0.998472 -0.0227972 -15.2164 -0.0547329 -0.0200339 0.9983 0
-0.995326 0.080166 -0.0538436 -1.33839 -0.079227 -0.996669 -0.0193575 -17.3014 -0.0552161 -0.0150011 0.998362 0
-0.992731 0.108116 -0.0528842 -1.29973 -0.107433 -0.99409 -0.0156012 -19.3149 -0.0542584 -0.00980632 0.998479 0
-0.994881 0.0857473 -0.0534685 -1.28888 -0.085155 -0.996279 -0.0132626 -21.3883 -0.0544068 -0.0086416 0.998481 0
-0.994942 0.0864798 -0.0510998 -1.24503 -0.0843464 -0.995528 -0.0425304 -23.4856 -0.0545493 -0.0380053 0.997788 0
-0.998607 0.0157439 -0.0503672 -1.46493 -0.0139813 -0.999284 -0.035157 -25.4956 -0.0508847 -0.0344038 0.998112 0
-0.998587 -0.01352 -0.0513934 -1.5986 0.015051 -0.999451 -0.0295222 -27.5749 -0.050966 -0.030254 0.998242 0
-0.998528 -0.00849336 -0.0535611 -1.83346 0.0102302 -0.999428 -0.0322367 -29.5988 -0.0532567 -0.0327372 0.998044 0
-0.998285 0.0241491 -0.0533188 -1.96242 -0.0227921 -0.999404 -0.0259139 -31.6261 -0.0539128 -0.0246543 0.998241 0
-0.99463 0.0891813 -0.0525072 -1.97387 -0.0879112 -0.995788 -0.0260266 -33.6734 -0.0546072 -0.0212708 0.998281 0
-0.970968 0.233052 -0.0539327 -1.67837 -0.232123 -0.972415 -0.0229679 -35.6786 -0.0577977 -0.00978207 0.99828 0
-0.903568 0.425106 -0.0533907 -1.01141 -0.424523 -0.905141 -0.0223795 -37.59 -0.0578397 0.00244413 0.998323 0
-0.761196 0.64628 -0.0538791 0.147494 -0.646339 -0.762822 -0.0186596 -39.2252 -0.0531595 0.0206206 0.998373 0
-0.509228 0.858941 -0.0539162 1.85861 -0.859445 -0.510816 -0.0205457 -40.5075 -0.0451888 0.0358756 0.998334 0
-0.116238 0.991755 -0.0539495 3.90401 -0.992738 -0.117704 -0.0248337 -41.0631 -0.0309791 0.0506711 0.998235 0
0.14617 0.987803 -0.0536668 6.00467 -0.989057 0.144827 -0.0281286 -40.872 -0.0200131 0.057191 0.998163 0
0.176619 0.98277 -0.0544843 8.00905 -0.984118 0.175316 -0.0278693 -40.6883 -0.0178372 0.0585412 0.998126 0
0.205981 0.976898 -0.0569424 10.0094 -0.978468 0.204833 -0.0253692 -40.4288 -0.0131195 0.0609419 0.998055 0
0.221296 0.973469 -0.058188 12.0404 -0.975149 0.220238 -0.0240914 -40.1339 -0.010637 0.0620733 0.998015 0
