-0.995205 0.0977706 0.00285513 -0.0660607 -0.0978112 -0.994906 -0.0243941 -0.836102 0.000455562 -0.0245564 0.999698 0
-0.995153 0.0983192 0.00212919 0.0353262 -0.0983421 -0.994963 -0.0194224 -2.9255 0.000208868 -0.0195376 0.999809 0
-0.998272 -0.0587102 0.00237835 -0.163843 0.0586682 -0.998165 -0.0149879 -4.97236 0.00325393 -0.0148225 0.999885 0
-0.997118 -0.0757585 0.00394307 -0.575422 0.0757175 -0.997082 -0.00968256 -7.07005 0.0046651 -0.0093561 0.999945 0
-0.999138 -0.0412101 0.00493036 -0.865105 0.0411861 -0.99914 -0.00488534 -9.15556 0.00512744 -0.00467807 0.999976 0
-0.999927 -0.0109297 0.0051716 -1.04733 0.0109314 -0.99994 0.00029502 -11.1704 0.00516807 0.000351531 0.999987 0
-0.999823 0.0180864 0.00523687 -1.21182 -0.0180615 -0.999826 0.00476694 -13.214 0.00532218 0.00467151 0.999975 0
-0.998648 0.0516919 0.00552621 -1.28978 -0.0516478 -0.998634 0.0078574 -15.2424 0.00592483 0.00756136 0.999954 0
-0.996822 0.0794599 0.00570174 -1.29602 -0.0793994 -0.996791 0.0101462 -17.3182 0.00648966 0.0096612 0.999932 0
-0.994335 0.106097 0.00640551 -1.26816 -0.10601 -0.994284 0.0127273 -19.3306 0.00771922 0.0119761 0.999898 0
-0.996464 0.0838019 0.0060847 -1.24234 -0.0837084 -0.996388 0.0142694 -21.39 0.00725853 0.0137096 0.99988 0
-0.995702 0.0924675 0.0052794 -1.21368 -0.0924065 -0.995663 0.0108181 -23.433 0.00625683 0.0102838 0.999928 0
-0.999957 0.00757423 0.00530808 -1.42351 -0.00749948 -0.999874 0.0139631 -25.4476 0.00541318 0.0139227 0.999888 0
-0.999945 -0.00786369 0.00691117 -1.56137 0.00798014 -0.999824 0.0169855 -27.5156 0.00677638 0.0170397 0.999832 0
-0.999843 -0.0163208 0.00693881 -1.83225 0.0164039 -0.999792 0.0121032 -29.5187 0.00673983 0.0122151 0.999903 0
-0.999835 0.0166142 0.00737491 -1.95957 -0.0164789 -0.999702 0.0180336 -31.5489 0.00767232 0.0179091 0.99981 0
-0.997 0.0770726 0.00713063 -1.98645 -0.0769447 -0.996895 0.0167357 -33.6083 0.00839836 0.0161369 0.999835 0
-0.976125 0.21713 0.00590335 -1.74367 -0.216978 -0.975978 0.019675 -35.6003 0.0100336 0.0179243 0.999789 0
-0.912778 0.408404 0.00659498 -1.11795 -0.408214 -0.912673 0.0197301 -37.5352 0.0140769 0.015317 0.999784 0
-0.777755 0.628539 0.00593428 0.0200226 -0.628234 -0.777615 0.0252243 -39.1809 0.0204691 0.0158902 0.999664 0
-0.551713 0.83402 0.00493631 1.57172 -0.833717 -0.551656 0.0243263 -40.4551 0.0230117 0.00930562 0.999692 0
-0.18159 0.983361 0.00515608 3.59674 -0.983151 -0.181658 0.0203422 -41.1174 0.0209404 -0.00137527 0.99978 0
0.140019 0.99013 0.00610252 5.69383 -0.990008 0.139893 0.0177113 -40.9645 0.0166828 -0.00852148 0.999825 0
0.170465 0.985349 0.0053835 7.69269 -0.985221 0.170345 0.0179686 -40.7999 0.0167883 -0.00836696 0.999824 0
0.199634 0.979864 0.00360119 9.70576 -0.979687 0.199524 0.0200705 -40.5557 0.0189478 -0.00753479 0.999792 0
0.222174 0.975003 0.00260956 11.7364 -0.974788 0.222067 0.0217689 -40.2699 0.0206453 -0.00738026 0.99976 0
0.148542 0.988905 0.00116497 13.8125 -0.988662 0.148479 0.0223813 -40.0987 0.02196 -0.00447632 0.999749 0
0.0732214 0.997315 0.00102906 15.8421 -0.997053 0.0731784 0.0230256 -40.1622 0.0228885 -0.00271199 0.999734 0
0.103861 0.994592 0.00054737 17.8638 -0.994374 0.103827 0.0209929 -40.1394 0.0208225 -0.00272463 0.999779 0
0.145345 0.98938 0.00151331 19.9234 -0.98921 0.145291 0.0188252 -40.0199 0.0184054 -0.00423314 0.999822 0
0.313807 0.949485 -0.00171946 22.0145 -0.949316 0.313784 0.01842 -39.6003 0.0180291 -0.00414803 0.999829 0
0.549375 0.835575 -0.001329 23.8947 -0.835418 0.549301 0.0185697 -38.5959 0.0162464 -0.00909146 0.999827 0
0.837252 0.54681 -0.00277934 25.2912 -0.546721 0.837189 0.0145104 -36.9788 0.0102612 -0.0106293 0.999891 0
0.975283 0.220937 -0.00324378 25.9677 -0.220883 0.975224 0.0122356 -35.0231 0.00586671 -0.0112167 0.99992 0
0.993447 0.114235 -0.00367523 26.3078 -0.114181 0.993381 0.0125544 -32.9551 0.00508506 -0.0120525 0.999914 0
0.99625 0.0863994 -0.00458947 26.6633 -0.0863524 0.996218 0.00960005 -30.852 0.00540155 -0.00916774 0.999943 0
0.998323 0.0577309 -0.00422212 26.9597 -0.0576869 0.998286 0.00989289 -28.8184 0.00478601 -0.00963274 0.999942 0
0.999678 0.0250304 -0.00420252 27.2238 -0.024996 0.999655 0.00803845 -26.7932 0.00440227 -0.00793081 0.999959 0
0.999985 -0.00197542 -0.0051241 27.4289 0.00200125 0.999985 0.00504073 -24.7653 0.00511407 -0.00505091 0.999974 0
0.996799 -0.0798443 -0.00404578 27.4162 0.0798616 0.996797 0.00431096 -22.7146 0.00368862 -0.00462026 0.999983 0
0.970715 -0.240198 -0.00427216 27.0895 0.240212 0.970716 0.00301499 -20.6787 0.00342286 -0.00395292 0.999986 0
0.928108 -0.37229 -0.00384643 26.5129 0.372296 0.928114 0.000899788 -18.7033 0.00323494 -0.00226711 0.999992 0
0.899404 -0.437106 -0.00325835 25.7919 0.437107 0.899409 -0.000377687 -16.7556 0.00309568 -0.00108455 0.999995 0
0.895557 -0.444939 -0.00266763 25.0488 0.44493 0.895559 -0.00326321 -14.8781 0.00384095 0.00173548 0.999991 0
0.946951 -0.321368 -0.00248341 24.5418 0.321356 0.946948 -0.00442897 -12.8176 0.00377499 0.00339596 0.999987 0
0.990429 -0.137998 -0.0027758 24.3889 0.137978 0.990414 -0.00643417 -10.8185 0.00363709 0.00598958 0.999975 0
0.991955 -0.126543 -0.00336911 24.3437 0.126506 0.99192 -0.00957444 -8.79473 0.00455346 0.00907121 0.999949 0
0.996221 -0.0867534 -0.0041966 24.3246 0.0866994 0.996166 -0.011695 -6.77684 0.00519509 0.011287 0.999923 0
0.992838 -0.11938 -0.00468519 24.2593 0.119311 0.992772 -0.0130102 -4.68679 0.00620448 0.012358 0.999904 0
0.988717 -0.149696 -0.00555608 24.1323 0.149595 0.988625 -0.0155358 -2.63645 0.00781852 0.0145293 0.999864 0
0.992714 -0.120337 -0.0062064 24.0029 0.120214 0.992595 -0.0174442 -0.617619 0.00825962 0.016571 0.999829 0
0.989003 -0.147699 -0.00763865 23.9131 0.147527 0.988864 -0.0196165 1.44254 0.0104509 0.0182738 0.999778 0
0.997354 -0.0723474 -0.00707752 23.978 0.0721716 0.997137 -0.0225589 3.48954 0.00868933 0.0219884 0.99972 0
0.995041 -0.0991406 -0.0079742 23.9751 0.098935 0.994828 -0.0230005 5.55755 0.0102132 0.0220975 0.999704 0
0.999326 -0.0356841 -0.00866009 24.1412 0.0354733 0.999097 -0.0233804 7.56526 0.00948657 0.0230574 0.999689 0
0.998191 -0.0598096 -0.00616601 24.205 0.0596216 0.997852 -0.027153 9.59556 0.00777678 0.0267363 0.999612 0
0.994638 0.103154 -0.00735968 24.5917 -0.103318 0.994274 -0.0273028 11.6086 0.00450115 0.0279168 0.9996 0
0.884399 0.466609 -0.0107463 25.6972 -0.46672 0.883975 -0.0275648 13.3126 -0.00336253 0.0293938 0.999562 0
0.889257 0.457211 -0.0134265 26.8177 -0.457406 0.888791 -0.0288064 15.0317 -0.00123723 0.0317576 0.999495 0
0.942093 0.335042 -0.0144116 27.6981 -0.335329 0.941659 -0.0288592 16.8555 0.00390177 0.0320207 0.99948 0
0.996823 -0.0784397 -0.0138021 27.7532 0.07797 0.996449 -0.0317914 18.9145 0.0162468 0.0306142 0.999399 0
0.843755 -0.536606 -0.0114485 26.8662 0.536054 0.843573 -0.0320915 20.801 0.0268782 0.0209404 0.999419 0
0.459514 -0.888114 -0.010061 25.0834 0.887581 0.459592 -0.0312412 22.005 0.0323697 0.00542584 0.999461 0
0.0273232 -0.999589 -0.00862142 22.9616 0.999183 0.0275669 -0.0295399 22.3039 0.0297654 -0.00780725 0.999526 0
-0.0470564 -0.998849 -0.00929093 20.9086 0.998501 -0.0467758 -0.0284064 22.3431 0.0279391 -0.0106137 0.999553 0
-0.0775812 -0.996921 -0.0114097 18.8326 0.996588 -0.0772216 -0.0291574 22.3516 0.0281866 -0.0136328 0.99951 0
-0.107673 -0.994142 -0.00937561 16.8174 0.993805 -0.107366 -0.0286956 22.3094 0.0275209 -0.0124073 0.999544 0
-0.137572 -0.990444 -0.00978052 14.7871 0.990127 -0.137247 -0.0284803 22.219 0.0268658 -0.013602 0.999547 0
-0.165067 -0.986241 -0.00903807 12.7071 0.985921 -0.164752 -0.028586 22.0501 0.0267037 -0.0136294 0.99955 0
-0.147759 -0.988991 -0.0079692 10.6746 0.988666 -0.147484 -0.0280571 21.8948 0.0265729 -0.0120246 0.999575 0
-0.167551 -0.985814 -0.00984072 8.6094 0.985546 -0.167235 -0.0270491 21.7232 0.0250197 -0.0142306 0.999586 0
-0.12948 -0.991564 -0.00598288 6.46815 0.991234 -0.129273 -0.0272672 21.6995 0.0262638 -0.00946101 0.99961 0
-0.157035 -0.987564 -0.00763293 4.41828 0.987296 -0.156794 -0.0257287 21.5654 0.0242119 -0.0115763 0.99964 0
-0.13395 -0.990876 -0.0148956 2.30378 0.990721 -0.13355 -0.0252442 21.4548 0.0230246 -0.0181388 0.99957 0
-0.338051 -0.941041 -0.0127799 0.354385 0.940928 -0.337669 -0.0251921 20.9938 0.0193914 -0.0205411 0.999601 0
-0.655085 -0.75545 -0.0125994 -1.34801 0.755494 -0.65473 -0.0236187 19.8036 0.00959354 -0.024991 0.999642 0
-0.913987 -0.405707 -0.00542908 -2.51847 0.405733 -0.913787 -0.0193498 18.0108 0.00288931 -0.0198882 0.999798 0
-0.989645 -0.14333 -0.00764146 -2.94103 0.143451 -0.989477 -0.0189055 16.0259 -0.00485133 -0.0198059 0.999792 0
-0.996901 0.0783583 -0.00689442 -2.96934 -0.0782427 -0.996811 -0.015685 14.0103 -0.00810148 -0.0150969 0.999853 0
-0.994004 0.109207 -0.00551909 -2.88238 -0.10913 -0.993945 -0.0127839 11.9713 -0.00688177 -0.0121049 0.999903 0
-0.996697 0.0811552 -0.00293102 -2.85506 -0.0811202 -0.996648 -0.0105531 9.95026 -0.00377764 -0.0102805 0.99994 0
-0.999972 0.00694847 -0.00291574 -3.0158 -0.00692756 -0.999951 -0.00712084 7.83644 -0.00296508 -0.00710044 0.99997 0
-0.99915 -0.0412154 -0.000999078 -3.28457 0.0412216 -0.999123 -0.00729021 5.76818 -0.000697734 -0.00732519 0.999973 0
-0.99751 -0.070514 0.0015972 -3.60434 0.0705066 -0.997502 -0.00429894 3.79431 0.00189634 -0.00417562 0.99999 0
-0.999943 0.0100571 0.00358858 -3.7894 -0.0100689 -0.999944 -0.00330553 1.71848 0.00355514 -0.00334148 0.999988 0
-0.997073 0.0764088 0.00278649 -3.79118 -0.0764066 -0.997076 0.000876456 -0.355124 0.00284531 0.000660984 0.999996 0
-0.994275 0.106787 0.00379931 -3.77373 -0.106789 -0.994282 -0.000158018 -2.41453 0.00376071 -0.000562836 0.999993 0
-0.990529 0.13717 0.00598406 -3.64601 -0.137174 -0.990547 -0.00023276 -4.47414 0.00589557 -0.00105141 0.999982 0
-0.985653 0.16868 0.00595153 -3.47893 -0.168679 -0.985671 0.000823792 -6.49185 0.00600521 -0.000191923 0.999982 0
-0.983 0.183492 0.00638817 -3.27276 -0.183478 -0.98302 0.00269434 -8.51329 0.00677409 0.00147645 0.999976 0
-0.990501 0.137341 0.0067315 -3.15462 -0.137315 -0.990519 0.00411086 -10.5817 0.00723226 0.00314747 0.999969 0
-0.986254 0.165085 0.00707293 -3.03681 -0.165064 -0.986277 0.00347314 -12.7127 0.00754923 0.00225791 0.999969 0
-0.956159 0.292767 0.00696539 -2.58862 -0.292714 -0.956169 0.00768299 -14.6994 0.00890942 0.00530729 0.999946 0
-0.961813 0.273592 0.00797589 -2.12725 -0.273531 -0.96183 0.00799125 -16.7243 0.00985779 0.00550443 0.999936 0
-0.987966 0.154418 0.00884322 -1.96497 -0.154129 -0.987677 0.0271885 -18.8555 0.0129326 0.0254983 0.999591 0
-0.997014 0.0769505 0.0064811 -2.02578 -0.076814 -0.996861 0.0191932 -20.8679 0.00793768 0.018638 0.999795 0
-0.999694 0.0238659 0.00653852 -2.16938 -0.0238067 -0.999676 0.00899243 -22.9094 0.00675102 0.00883402 0.999938 0
-0.998641 0.0515859 0.00744076 -2.21695 -0.0515326 -0.998645 0.00718965 -24.967 0.00780156 0.00679644 0.999946 0
-0.996566 0.0825515 0.00646994 -2.23543 -0.0824502 -0.996488 0.0146135 -26.9926 0.00765358 0.0140299 0.999872 0
-0.99363 0.112358 0.00866071 -2.18305 -0.112303 -0.993652 0.00659744 -29.0683 0.009347 0.00558279 0.999941 0
-0.99397 0.109465 0.00639955 -2.11596 -0.10936 -0.99389 0.0149022 -31.1417 0.00799172 0.0141125 0.999868 0
-0.998511 0.0540266 0.0075963 -2.17917 -0.0539023 -0.998423 0.0157174 -33.1955 0.00843347 0.0152846 0.999848 0
-0.999737 -0.0214649 0.00806555 -2.37941 0.0216256 -0.999558 0.0203966 -35.2009 0.00762417 0.0205657 0.999759 0
-0.972995 -0.230666 0.00863014 -2.96457 0.230812 -0.972683 0.0247675 -37.1836 0.00268136 0.0260906 0.999656 0
-0.831846 -0.554921 0.00977325 -4.23152 0.554963 -0.831428 0.0272693 -38.7689 -0.00700656 0.0281077 0.99958 0
-0.589274 -0.8078 0.0146976 -5.96522 0.807819 -0.588785 0.0275818 -39.802 -0.0136268 0.0281262 0.999511 0
-0.314462 -0.949101 0.0179247 -7.95947 0.949059 -0.313938 0.0270151 -40.2308 -0.0200128 0.0255068 0.999474 0
-0.0932032 -0.9954 0.0221646 -10.0772 0.995269 -0.0925316 0.0296074 -40.215 -0.0274203 0.0248192 0.999316 0
